0.5074883347024953
0.50505217307714
0.3421751326095263
0.3654573273577137
0.3717916441635258
0.5969485313320574
0.696659439410362
0.6948875481561677
0.43212137847674115
0.35138277021612374
0.24425099021828825
0.26270361883490245
0.2049363882911464
0.2701460354852812
0.41734178945830286
0.3452783557609985
0.5270651550053882
0.44016536465529177
0.2358924441125242
0.31481261608718375
0.28114797164645083
0.2691033403981621
0.2631174203659279
0.3062573331499624
0.3426005482016714
0.5111827976143596
0.4039676054958619
0.2434042579526846
0.27077884058826474
0.25645011139015333
0.26389174241508284
0.605350423354961
0.2904365307748488
0.3541606793448267
0.3274350563941029
0.26202369895486205
0.2694874086330106
0.37561653375956394
0.3623172385297427
0.4070479120113575
0.3811030566144942
0.49582752950259634
0.3257715305324109
0.5275001805752388
0.36560434159814553
0.4192764195655046
0.3030763080825021
0.48092511898338797
0.320970176508175
0.38118873145208926
0.6453030423408703
0.3597930725995061
0.42452096788645954
0.537687004558251
0.3187012620530175
0.25426541429052135
0.25680737275973464
0.49899678862466323
0.29934342346682385
0.2540584264460809
0.3708793742806488
0.3398356600639256
0.28777367445563085
0.47023080340926865
0.4044213574285055
0.5131627955466007
0.5256985148311707
0.3097007426025874
0.4845018328391709
0.45537785117129564
0.444783296673019
0.4877989006042034
0.37248932529178125
0.2720078419031813
0.2644837928812671
0.3908331875339667
0.46403920819115757
0.6911107202221052
0.4165663462633128
0.291617147259091
0.4968015950171927
0.33314774484562804
0.8656267452801987
0.47925103464619595
0.7272190849994206
0.5018806563604765
0.6505254591838237
0.4993948795987228
0.26315379675776496
0.3929796997865099
0.49897673343115423
0.5406807286721697
0.318894531886036
0.43290128883111323
0.31452941748988233
0.3836586412962511
0.35079683777681014
0.35037720898219327
0.3340100415482226
0.3235875128083415
0.329320645981528
0.6991165861906965
0.42160570709769785
0.581059545298574
0.48971675570011697
0.24666745130180065
0.4721667856130849
0.5665913457357399
0.6526701943303681
0.43547328414797737
0.4949413039348643
0.5730181399693747
0.5969485313320574
0.3532681126798952
0.6281119863767208
0.5164855918217014
0.4127389299480242
0.7919533138234629
0.5338710329848853
0.6169059247201126
0.42919235652930504
0.5101156075802646
0.5975112026002168
0.5394144434195202
0.41007227582070904
0.5122803899541358
0.503612044222147
0.25384975825886574
0.3447277130835953
0.43892078560827363
0.5510922469634518
0.4034385806499386
0.36685861733702285
0.44530070288931234
0.5867713495003165
0.4620019516005784
0.44330759698752775
0.519170412750881
0.22013041728132093
0.3642397211952149
0.5751491112333206
0.2885101683033444
0.7247933557245181
0.5641651066873143
0.36273848015419935
0.541171821132107
0.862115432730159
0.6854954248200232
0.4163738338818259
0.7035898573872906
0.6593100950771326
0.5705297882441759
0.4935105520471596
0.29908021703329557
0.4929356318058387
0.46328121963460195
0.7784131072293572
0.33105018526684626
0.5624984535234611
0.6835873058084625
0.46107782850518303
0.46670677147757433
0.49077793975853157
0.3911309121938924
0.48138535793836446
0.2633236879562164
0.2922814121670916
0.3447277130835953
0.45563209391735326
0.3836261977543646
0.5323749436890447
0.3717544744387354
0.44200155751592773
0.46328121963460195
0.4981683239531813
0.3156939846204481
0.3780923201211694
0.8339017897380024
0.5724864240321001
0.4592045109938279
0.2907809590394855
0.39395534781485103
0.6195882042809298
0.37118843618838726
0.604248021367612
0.22735442336356496
0.3893840966011664
0.29436673308050326
0.4677127533360867
0.4717121895491614
0.29651475473288313
0.5325081225360692
0.6102376363883322
0.3498371030941136
0.5346381854034541
0.5791005286682287
0.2540332108107532
0.2693540362547252
0.45022614941454453
0.2919196586591413
0.7091042491285023
0.6124527488111122
0.3940168143113018
0.2807862127014254
0.6817971348459272
0.4733311181195682
0.5342726330870758
0.28000166270631566
0.26080193465179463
0.2785892900607907
0.4717017359679677
0.4265738146184971
0.5105383069992723
0.48680822645875027
0.5705503445284164
0.4936415140852014
0.2998331209660579
0.36850784421512184
0.4192550548783308
0.22932043414504547
0.608980078597187
0.38262749489141884
0.4022722475870933
0.273133510611889
0.42395908960269013
0.32012340437452624
0.5360935610578671
0.29685422807180323
0.7319937178419965
0.311685427933125
0.323038760827974
0.4499532578395081
0.35613211171115394
0.37235399940177855
0.6486861859179043
0.43018467993124504
0.4088551502644255
0.39172090310193414
0.34111305001065123
0.44167154794906915
0.5196596137328454
0.32628003216852725
0.4640449556237057
0.2600238326044604
0.34775462782413197
0.32763496760303357
0.27414325122572425
0.39662541076174834
0.2253304333072399
0.5736860239877547
0.3681845516244995
0.5564752905544905
0.27158699459954977
0.3892473856400628
0.3394997690737991
0.5093631835647671
0.4506691099393319
0.5531171625137772
0.32575893787562793
0.20743271201265312
0.443392392984441
0.4833972498819568
0.23010863534607864
0.4213128894492704
0.4270949956307344
0.4155404900930872
0.25398913061569567
0.5401285832949151
0.28968373488834576
0.2635439501837207
0.5651994109663055
0.40987922645853236
0.5560143518995118
0.5241940413064146
0.30636431037785733
0.45971280263768355
0.28892643636995446
0.5325436422319496
0.2816914928589004
0.2868455086134212
0.4070639280320092
0.5062218040833957
0.28882889329721234
0.38102715768628564
0.532930976600205
0.44730398056902426
0.26078315196207996
0.3387327024600199
0.3641467379944767
0.31969973558522524
0.308055762580208
0.36562011691750307
0.4631229436955833
0.391944214203927
0.41455056206502544
0.474897225123395
0.39467678061315375
0.36374876577353815
0.34202732193943475
0.3221008987116812
0.22803911058709767
0.34067318576534555
0.4946995347022336
0.4842673703806318
0.28488641886593813
0.4268416611052493
0.4214605210760921
0.22939723304996668
0.3474316914005593
0.3025071489592739
0.399149866628171
0.4263963655621991
0.2673606014863393
0.41272473123291975
0.44520297621661625
0.367927960678614
0.34468177618069296
0.43923198473993624
0.40521010446186745
0.32796153322617316
0.49450207616569886
0.48479047286108107
0.36036040416698234
0.4074809250267858
0.32654987792616685
0.43327702843118443
0.41171909573647997
0.518187350839442
0.31427486811430166
0.6185844595438046
0.31382031401733723
0.39190498877560553
0.45955301059554476
0.309331931974279
0.3624992578441684
0.4394326256535983
0.28644814621194276
0.31856949672366947
0.3158240901892457
0.3565214139246525
0.5821752559867612
0.3836463487326208
0.4282223366860445
0.3597930725995061
0.5962890037961238
0.490757397841302
0.33889390835352023
0.7689419828429612
0.5786105738762987
0.28560019870044995
0.40996651694088315
0.4096498360557346
0.5902595235069087
0.2777070021707967
0.3728000706703656
0.7024421668823678
0.7202916598771568
0.4261493603815376
0.2637545242350701
0.2171735841823196
0.48955338244603913
0.35694960095260136
0.36159827114499254
0.4290985970542799
0.4754314041230094
0.3087565588608846
0.47481350195828836
0.47802676146543716
0.282725684568817
0.43527913596280526
0.31363450490375633
0.25011458557236327
0.39268791843405765
0.2964100988937436
0.7223634873802427
0.32171408723027295
0.25426733855426764
0.4605305865982613
0.47228721504227467
0.2512012276189726
0.34546218370983645
0.4656225846169261
0.4242696120264566
0.5156533974800145
0.24353072879597248
0.29959167424340144
0.2832662647890224
0.38580910406745067
0.43197918585208955
0.3294324840010029
0.3292840877134156
0.5956156812192932
0.2753092308914174
0.34590201081700633
0.3552253934279441
0.4234643471089128
0.33294458462357845
0.24924529075361218
0.42112168601713906
0.40527800197030267
0.3693917567699524
0.2791566446259842
0.3213659385181897
0.35685307502131636
0.3989057792871809
0.3769333614379309
0.46627919684609526
0.4170249599009657
0.31387622872157556
0.35971804917182193
0.6762795150640956
0.23217673940958392
0.636686561116636
0.42563491000404163
0.41564264440570475
0.37068122595281405
0.35982877276106334
0.3558538763911909
0.5943750406556473
0.28458265600717586
1.0680379291445772
0.5399489620798424
0.5810900837580444
0.3621902004612001
0.635496173165565
0.4565704295891975
0.25203459771676134
0.3410174555991454
0.43697665144220466
0.47162405795509843
0.30331914368944485
0.285445595299063
0.4499029737877827
0.497577559439185
0.30941849734256766
0.3159026060254579
0.42524507213837476
0.37717098205809385
0.6415637408652372
0.3336424447613269
0.3854075066817796
0.43345835144132505
0.49018474700720743
0.2904838231877067
0.2660242230068845
0.3798429758171757
0.29387615384819266
0.32290983786379646
0.4296176175799503
0.5562002983316883
0.3618257164453345
0.7748090594206136
0.29435919371907066
0.42076940120276174
0.6395768642687555
0.28416499556123237
0.42548905107584695
0.36085317057591415
0.48470023499817416
0.2791449669270942
0.28490329720898244
0.3430893229218873
0.36633181287176925
0.6161290204808778
0.38985605281523733
0.5081333721734929
0.4231241193493189
0.7967569625757165
0.2902482586068161
0.2957238244298228
0.47426069730043224
0.5341050825733376
0.34441390432518737
0.35650352840062455
0.2698911384929665
0.36982320088191034
0.2883286988947675
0.39265689643335083
0.338623221894394
0.4043952507971911
0.4596380784906001
0.3266465066063856
0.4113614963355459
0.44016536465529177
0.5701981355973695
0.3575594589853846
0.35996214190801484
0.39368595702197606
0.30237342917483345
0.3569601927976136
0.3076638203175415
0.3590119329070788
0.3828807406441073
0.37990705038540334
0.32575893787562793
0.33483153301990487
0.2672617268439411
0.3497648248497471
0.5754578267389354
0.34698133769414113
0.38446065964242415
0.31962999577913925
0.45455346576275935
0.5628430940389963
0.3448844530556447
0.26078315196207996
0.3641467379944767
0.22365581580251695
0.5162849712887845
0.24756378655484043
0.3686543730523242
0.4254791697180992
0.3141605056244574
0.26799666291328567
0.5573025552660518
0.2673606014863393
0.2754302789349047
0.17869553231989052
0.44309329434591055
0.3606369335632109
0.31744793286894385
0.19621707573074335
0.3029575825062672
0.44787074406204086
0.25161714934219626
0.32654987792616685
0.43327702843118443
0.3079562255924384
0.44925294979900704
0.5327955149971005
0.41495658595062757
0.35034002592783225
0.3534813709827928
0.4508539462655967
0.4250620945628473
0.39190498877560553
0.5585158629723223
0.35245381461483805
0.574102872737741
0.4496237967542824
0.33099951380953124
0.5275001805752388
0.22686569152438832
0.5288192946922936
0.33224083355624173
0.2888981774757002
0.3565214139246525
0.4291059359137695
0.4848913604328567
0.4572757900979851
0.3307150986109495
0.3968040830575703
0.39915381810869605
0.8466204282866926
0.6048554138848702
0.418093183223132
0.5517994312146307
0.5902595235069087
0.4897899321183452
0.3673650966362779
0.3309927474015275
0.3413132998739628
0.48768208176366507
0.5283471088148809
0.47479521972435096
0.23915411891140134
0.3294186204464052
0.3548725389075411
0.34007327829253875
0.46049538233495524
0.32734522241196473
0.4464612624234027
0.42304997212382167
0.2801732330954667
0.3107541342729798
0.3436210943265162
0.34291465560041484
0.37154785334659335
0.25011458557236327
0.39097673164354624
0.4044213574285055
0.5053392592258964
0.5011226942040081
0.5560459857431861
0.5068082414945848
0.3114836961443649
0.3321846283548812
0.7191242270769346
0.29151059037503013
0.4683033899920076
0.5165887130439516
0.3578273884403638
0.38670776702815646
0.4253247518602177
0.684582966965578
0.6427353446667811
0.4396374059274
0.3309927474015275
0.4140891388748875
0.4322279751116089
0.33316810127065966
0.24924529075361218
0.5568065242108218
0.4962952212562882
0.47422334317203707
0.4499818137682884
0.3149762140412458
0.3653740182377687
0.6963232018533203
0.2962162711949247
0.395021345891566
0.4225088430757672
0.5283118587122985
0.32979314719217356
0.36066909835495325
0.4170249599009657
0.3079388544751188
0.35971804917182193
0.3213936932329655
0.3488442023174048
0.2859159865521514
0.43824232342098873
0.5195992663024522
0.4578581360555902
0.4268580429642589
0.276999267998658
0.3260982463295905
0.412899932952811
0.47678201735709586
0.39840609599601257
0.3263293321808324
0.4261057213108919
0.2732236460850246
0.344243278665094
0.3907719816794426
0.77315213729371
0.27575863426423436
0.41391877671644184
0.5435984558250762
0.3747224597787713
0.4603587681093982
0.31061483885255975
0.28818352092801836
0.38658824167598754
0.3827247721342606
0.3898054491620765
0.4589817382898631
0.2506356918928739
0.2783060711964751
0.48477862536793864
0.3692736527371937
0.5012130801487605
0.5482886111983888
0.6873589670712056
0.5210247032512892
0.5888730742201218
0.5173454938525432
0.5761281392410338
0.538062114784012
0.41357524198116774
0.43008178254619983
0.5273557962997911
0.7185089556090299
0.44684796193019394
0.3088864696287076
0.6486430654190047
0.37973947355035065
0.4615521892695854
0.38804522114990747
0.24950333374638825
0.32779869346358537
0.3852423130097704
0.4670421580266249
0.397495028883257
0.5368529838840694
0.4526947007676513
0.4870534377435078
0.2816630974329051
0.5187721128285977
0.26683709351164553
0.49501935495078714
0.5489819744964355
0.5481673093965019
0.3817685176809871
0.4277729032493179
0.3550914795759339
0.5062218040833957
0.33763959573362223
0.308055762580208
0.3474581084496913
0.3870622773584954
0.3859873421393214
0.4234079610040861
0.39467678061315375
0.5946888726421172
0.404473766627017
0.48635085212546714
0.6601658035005503
0.4210829672392129
0.5867544463786123
0.4502716999299436
0.5100551748712834
0.42300334441234055
0.35100785913066423
0.35470329567226533
0.5262562948732827
0.32379731895963265
0.2917588687693875
0.30264494241954293
0.255130410363116
0.3312020734123009
0.39824604079708076
0.31427486811430166
0.6987714545885186
0.37093173061995127
0.6601856489661252
0.5217850467919853
0.44068538429361775
0.31338965754853
0.41917482104956466
0.351701281439572
0.38163372318544675
0.5343601599111566
0.18725889673752216
0.3591477559374653
0.46107782850518303
0.25045923945338533
0.48138535793836446
0.4435889649383066
0.4981683239531813
0.24611036371334874
0.27074178390353926
0.3780923201211694
0.34361219683304023
0.3893840966011664
0.34722103569125407
0.23365488339378057
0.476785199210204
0.21465393157783377
0.6283484702665165
0.3731975022850644
0.4083476020963393
0.45513275841543954
0.6786163000821698
0.5589179995662852
0.29651475473288313
0.2991923147771892
0.2726787757932052
0.40172708944814256
0.47426069730043224
0.2821043886391744
0.5098377525297194
0.38265430927883937
0.892940986981829
0.3618778971571402
0.3165890245540367
0.36982320088191034
0.21006303093889334
0.3940168143113018
0.520801894887498
0.44866183508968727
0.42316142374642984
0.31470224073670644
0.4717017359679677
0.3957717135866602
0.26305031528195844
0.4936415140852014
0.389671667282347
0.33258050738248934
0.49170553001368505
0.608980078597187
0.2559820564107644
0.48708357104720684
0.9127054632678336
0.3978911424561052
0.7503342437218391
0.2893362543043558
0.5543763612856478
0.25139508062191057
0.51311335100516
0.323038760827974
0.2594830694971944
0.3993557429232557
0.2676382271116118
0.40301313329058125
0.3536744534480069
0.6601785636992875
0.4931760564989171
0.4833972498819568
0.4070954420230749
0.2635439501837207
0.32326225462480446
0.3879775267691891
0.45971280263768355
0.279389988978019
0.532930976600205
0.2574113888115586
0.5709347295824114
0.5162849712887845
0.41365578498989675
0.38978842530536884
0.32220475645574653
0.35788688483283626
0.3092896934254986
0.22803911058709767
0.4946995347022336
0.29529815746712135
0.28488641886593813
0.22939723304996668
0.3474316914005593
0.5440157692287171
0.4263963655621991
0.5414725540648498
0.3744645054514499
0.4448415145545126
0.41354595709613656
0.49299145536959327
0.6701356782352498
0.471568653470188
0.6185844595438046
0.5026120593215879
0.41657506939034983
0.574102872737741
0.45080452405824295
0.31107599359507637
0.5282853545049694
0.5500256144911003
0.6790037654148267
0.3307150986109495
0.6453030423408703
0.4853873618558614
0.42452096788645954
0.37180814103118603
0.7689419828429612
0.29947141449749665
0.6847081676082595
0.418093183223132
0.4757882664650159
0.3673650966362779
0.4091156676077659
0.34679730414964993
0.4869987764430749
0.3413132998739628
0.48955338244603913
0.28777367445563085
0.6649293756334306
0.3087565588608846
0.29388247722463795
0.31363450490375633
0.36506046740972137
0.37345023036298997
0.35803135455679863
0.4605305865982613
0.3509211258081753
0.47228721504227467
0.38899923654441937
0.29151059037503013
0.3845130737390723
0.2832662647890224
0.3294324840010029
0.4605974538453887
0.32311087892419876
0.5956156812192932
0.47446172744724424
0.39247818068333823
0.40527800197030267
0.464207568401233
0.4488772562109851
0.4170249599009657
0.26315379675776496
0.4007265419614984
0.34009428532778324
0.28460290608544153
0.38642260757641533
0.4724874424507096
0.4011379817406935
0.5261444734094155
0.5002048094104914
0.26114303117111537
0.5184711225768233
0.41801904224133396
0.40549210414680253
0.285445595299063
0.6066047343124399
0.497577559439185
0.7098705883410367
0.4549121437260337
0.43345835144132505
0.3640202997641117
0.5417409187846477
0.4924646586401692
0.5445414307614213
0.2940154439273682
0.5562002983316883
0.4500055496057898
0.46484586334514394
0.5934612904119643
0.31362020261847456
0.49945031069477575
0.6156367314449556
0.4778298062134073
0.4468091197482844
0.5296079648440951
1.0680736833014928
0.9591951118007542
0.7520195496582075
1.0429243297244999
1.204413072275814
0.611786095003623
0.6570237003765094
0.7771125251240781
1.0954168170432914
0.9475846994208845
0.9226493491115544
0.7893597095995076
0.8861742443271436
1.0753744736566981
1.318719625609649
0.7311198455444484
0.8674925304086971
0.8032196380260166
1.1109936712960018
1.0549852018723191
0.9888582152873665
0.9751810795092105
0.775189984855459
0.7506141964965024
0.8027588273062077
1.1611218879487668
1.3001080389383568
0.8573367175773208
0.9201202688253082
0.7436339586570615
0.7718679211317293
0.8026646116018432
0.5649663110648069
0.8546775172147467
0.6938489757092657
0.9047586055367061
0.6888932492153421
0.7346537562289543
1.0922903281268557
1.0762800054204889
0.943424005360874
0.8063334202687559
0.9465440083665277
1.967919354334146
1.9735835996334465
0.8872541554070293
1.4174631383146568
1.1649994117141864
1.011747067527257
0.9763300119684599
1.1307164862094294
1.0115241446179373
0.8657987441736709
1.0123428451055403
1.4997753620579777
0.9559414878253824
0.8607925526040588
0.9071003301950894
0.7123536543440512
0.946908472164962
0.8952828441353654
0.8128972270140545
0.9153271912978382
0.9637102634866913
0.43992859296193126
0.48971675570011697
0.272968738174329
0.44138800064892314
0.46998181572074577
0.4783004168295885
0.3727003628631251
0.6263591950700855
0.24362113593936352
0.451282015382433
0.29627651310548675
0.5139485786101764
0.23314244502354403
0.3623086971401863
0.5005752224180522
0.4908925640035988
0.38912721818646095
0.5726259327680225
0.24630734428628154
0.39384885987738155
0.20496152515076474
0.4996411198307573
0.5896234177653101
0.236970863723366
0.2883042095498426
0.31112199312296096
0.32973637693861035
0.4615540040632231
0.3611068290731858
0.3780923201211694
0.5022242085544433
0.3291854283234395
0.3367924208945372
0.4958782052570413
0.39454166781728794
0.39395534781485103
0.4900300550885447
0.6195882042809298
0.31997778020441014
0.22773345037200762
0.36928532162195266
0.40700182089380377
0.5108040218636914
0.34722103569125407
0.23365488339378057
0.37050695614991824
0.31556750542804207
0.29436673308050326
0.31899526477663565
0.363247059527859
0.3729074948314061
0.4408321477322548
0.26373764978570513
0.4487875257442659
0.3608290238020441
0.2757674147322968
0.291170949076326
0.4233935805578377
0.3041303479509674
0.5342786315508998
0.3804000168875366
0.38557370343373465
0.2491416659816852
0.39468440457528287
0.35750815348680054
0.2637042721033103
0.3273986801968721
0.40173788634182256
0.5346381854034541
0.3618778971571402
0.24875971643041597
0.4276545600521756
0.268890727874321
0.4757658393991784
0.3881837356731336
0.48415936995262043
0.27650567493387324
0.2642796280056977
0.44682126377619213
0.2826128655541423
0.44866183508968727
0.2785892900607907
0.3724626307373993
0.457630345251854
0.3957717135866602
0.30137905716191393
0.5095041535482642
0.37457130259005206
0.4267511480757121
0.37973947355035065
0.34896634119731107
0.49298166778668084
0.2998331209660579
0.3571763296858461
0.31849717049986775
0.3407842727227388
0.3327653714257242
0.607681282345606
0.3173810829899107
0.2351445588273774
0.28141881696099547
0.2714801435399686
0.40862191274195886
0.4670421580266249
0.40486818920757556
0.4345697550133011
0.237350798159292
0.7264209694958759
0.33014732165592203
0.2936809775437594
0.28019027797396207
0.5683297210189417
0.30199658814105135
0.29614928653611916
0.33928760013117765
0.21409709685151318
0.3837331349109899
0.38197490263149575
0.4073827466317436
0.5470995143220945
0.32338086833796664
0.47446951384382524
0.46251917758103916
0.46110807543754767
0.4064353869829743
0.4842658133493661
0.24335902408923493
0.23004527168037098
0.6601785636992875
0.6033166934144546
0.24952015518236154
0.27504772394720944
0.4411616835489537
0.2840414343010794
0.31904109533167097
0.2453383203850595
0.24218388800047275
0.30633694562065816
0.4937246600431621
0.3735099044075862
0.5481673093965019
0.40987922645853236
0.266611009258958
0.3817685176809871
0.20948736114380662
0.23202315801446916
0.3035211398416566
0.4112015056763322
0.24193846590970064
0.47638871877581074
0.49105527144166694
0.45149454472967154
0.4441240648568606
0.4876840729679416
0.39742580785376375
0.3576007006427019
0.3880377944670469
0.5133234002636047
0.7038055774869202
0.36776853890715383
0.3367905274267567
0.3474316914005593
0.23255690341627916
0.23049981600840763
0.25092955876127504
0.3665160533566427
0.48479047286108107
0.3574781104121055
0.3029575825062672
0.4438332556193789
0.3889403376363192
0.3441782853018544
0.4259774075723656
0.32379731895963265
0.29074724681997394
0.4083026333863089
0.518187350839442
0.3659880917389554
0.6185844595438046
0.3534813709827928
0.5342210846151957
0.3925470512125953
0.5026120593215879
0.323240742865507
0.4394326256535983
0.5682444499995047
0.30599866959004896
0.5087363800601077
0.25421550182900166
0.4364777344581757
0.3010389267533304
0.4802666827123183
0.36241246471926075
0.34674817047264883
0.444156358506573
0.29690285075310874
0.4351570489110546
0.4716227812033777
0.29679569757246527
0.29761228119609257
0.35991681187916796
0.31799679610427956
0.29388247722463795
0.370199815387791
0.2860492337139278
0.4446418470223259
0.5045393622899196
0.725200294538936
0.489288121502034
0.5047132260811146
0.4094189545015637
0.4502267205006617
0.29242708573982584
0.5221660419151639
0.6452110620974091
0.5264397139285515
0.3404056926432127
0.33986874673726264
0.35888244763533683
0.246325442672043
0.3715988858318074
0.5582283185464629
0.28088591861034184
0.5479610794990922
0.2279716968160549
0.4726755231523169
0.4120955024615435
0.5477601888039059
0.44880491676364176
0.4043792112334674
0.310075125469728
0.28458265600717586
0.40532196456877656
0.2542058189754974
0.3937477825324461
0.26439863249683804
0.5520902975182281
0.5258713788135735
0.5160528551615814
0.5726830721913839
0.2656140873483045
0.24169833934048307
0.5882300015679319
0.3195870859420141
0.3460572498021426
0.478262087830198
0.40746124459200256
0.26057006031666186
0.3469051505954829
0.47298650413543064
0.25319375644402853
0.30237342917483345
0.29425496238539145
0.28069872700270126
0.27158699459954977
0.28655792083819
0.4586426191070452
0.34833230992298125
0.4070954420230749
0.4270949956307344
0.2684929167235591
0.4025577323952099
0.5628430940389963
0.41052676876252037
0.32751931560747594
0.3547249429975849
0.27127583370719816
0.5614975473449009
0.34490930138673087
0.6268348394432013
0.425875105026315
0.32567338199185886
0.29529815746712135
0.26799666291328567
0.45995022090240517
0.4172344241723834
0.2754302789349047
1.5718801201274406
0.31744793286894385
0.6393677050708495
0.39948296133906597
0.4159908448876373
0.4223082942320898
0.3877656577312797
0.437089179944359
0.2230119978485212
0.33025485277442373
0.27033627833506735
0.28837826599263267
0.272747273785288
0.49355640421789737
0.6265193592745112
0.2766898679009924
0.2992248079280616
0.2788795987268517
0.3971355605978324
0.3323027297352568
0.32401637433298147
0.3764048271707686
0.4811395157624577
0.2961404944268481
0.2940335444560982
0.33652329826683447
0.2718516621557927
0.33858171800853515
0.24879623349878538
0.4775532147572517
0.4462172759722229
0.29206873514514403
0.3003919442132507
0.40622873049791464
0.35733787367815495
0.33639171676195734
0.46128269694842244
0.4500364942614546
0.3610572632693495
0.3543582724219838
0.31740302781706653
0.3411644381787062
0.3235001556595332
0.3411275508489506
0.3777580706317697
0.33425968920003984
0.2637545242350701
0.38879953697840475
0.5164711650738942
0.2931787422513416
0.2564078385527364
0.3087565588608846
0.3107541342729798
0.3896300886128369
0.37170110515933646
0.3808760298873423
0.2564215331979486
0.29928899271425413
0.32922884818057013
0.39097673164354624
0.24485585667014798
0.653743699665017
0.6572066934246817
0.3968876685638754
0.3808431292559098
0.38081599193723775
0.32417175383217106
0.4964900379469978
0.3250272962736462
0.3160248737205421
0.3321846283548812
0.37853948934902276
0.7127593842557912
0.25787947314730525
0.4542080732014703
0.6070372071931511
0.6386453700890636
0.3200130419762512
0.20794362971852948
0.4133868989836125
0.38671649919763024
0.4430623265495146
0.34028382192314344
0.2738970497306934
0.33029766900331764
0.27575617070889114
0.4422299258780675
0.2937043080501185
0.3665836541179998
0.4223582120991672
0.3497906122591491
0.29800470868555934
0.7839631143698625
0.4046580144000709
0.5568065242108218
0.42004480665142185
0.3186522994707736
0.4251892243978292
0.356626649236184
0.5479610794990922
0.32491465764628946
0.40564255545439754
0.3306005989119059
0.8954331713665253
0.2842018362329189
0.31751529572651305
0.44176060025300673
0.3056549880468624
0.40286466934397086
0.3587032121550686
0.3358487307201053
0.3098211752784384
0.351895517829417
0.3213936932329655
0.41690863472956
0.28460290608544153
0.4271546958520704
0.29300030911908526
0.4271259705806078
0.5995208096164394
0.31112414176942615
0.4985222242296452
0.5195992663024522
0.3266911933779148
0.4696579823323154
0.30443964442022214
0.5002048094104914
0.2858586321412242
0.2709159819658883
0.47758423292065194
0.3432031932277891
0.4737129427953075
0.717154564283426
0.3216458531151114
0.2838201952346927
0.2892810581773741
0.40532196456877656
0.5422088899205101
0.3009655808731946
0.33598685828851954
0.3834000624007178
0.3368994716128767
0.30331914368944485
0.3730072325026898
0.4891151625508089
0.3040241251181114
0.3060989820524203
0.3664005340975226
0.41391877671644184
0.38433008963018966
0.47809022471070495
0.2944254647073069
0.3044480787467797
0.2764466143178123
0.48071166763210404
0.5502728599000255
0.4157782495160898
0.39766751756693725
0.28818352092801836
0.27056048938321936
0.3339403361706497
0.31145818593052155
0.3733330992420967
0.37840784314654013
0.6208830619094587
0.4205558074358978
0.6801960606140552
0.45273948237869016
0.3897029958917684
0.40147234474509175
0.32409005177070754
0.3653663507764018
0.6589997274061309
0.6456262011542176
0.5185184762408471
0.4229299528435455
0.32226744826095227
0.39255642292073395
0.2799443908750601
0.42017013868187786
0.705407176551108
0.3490234366964929
0.3199528249871799
0.3229688468576927
0.5369757141177943
0.2878869883384132
0.24362113593936352
0.41042466465509764
0.39076465740065075
0.6430054728554672
0.4000174066741313
0.3394661487195614
0.44200155751592773
0.37619110301244424
0.6291648156136466
0.28421000982790345
0.3038840866503804
0.27074178390353926
0.2943990792750555
0.2625863868465484
0.3759278591986246
0.3712460042595328
0.6026782772882419
0.3424972916237491
0.40590781249837954
0.3729074948314061
0.2991923147771892
0.4230979646431703
0.3729251411108914
0.3273986801968721
0.29535300995380515
0.39659687231439833
0.2585881755386242
0.35944473465557003
0.27675199132490275
0.2875969972305083
0.3135233466898053
0.4042449435152887
0.3098352150644329
0.29614928653611916
0.2978594337705756
0.36499700920660294
0.39662541076174834
0.40301313329058125
0.4020591113264569
0.4421650031253958
0.4104783211468514
0.2840414343010794
0.3062573331499624
0.3093659069393974
0.3145961089755072
0.3306760744865085
0.3636933666999003
0.4287999015638333
0.2434042579526846
0.42075777161164124
0.3137592778967213
0.29941919172072046
0.34412647440800076
0.5116311853858334
0.2904365307748488
0.3025071489592739
0.372155013690583
0.38341424037894095
0.4771126405724124
0.3274350563941029
0.5334147190041953
0.3518241586787686
0.3665160533566427
0.3616950301207752
0.41690221790692417
0.6152882600196539
0.31926717490299017
0.37212157898654136
0.37545217898224215
0.3811030566144942
0.5712164108321843
0.309331931974279
1.0087510234100456
0.29332584980255694
0.3624992578441684
0.3323027297352568
0.36560434159814553
0.5509452766560367
0.4117399452603877
0.5726853588240048
0.5568910544111281
0.28839774269145185
0.320970176508175
0.3779660258856888
0.37180814103118603
0.49877778260254896
0.42675518205709695
0.29947141449749665
0.34674817047264883
0.3270009722595737
0.29099451563835504
0.24774100755249184
0.31606426690879547
0.46969233051122605
0.35321570013528375
0.3605111893069802
0.2926465204034966
0.2933327227106383
0.3407279522670318
0.35803135455679863
0.885352811212516
0.30323270262596963
0.2729025880646874
0.3279689114387991
0.33865353809801896
0.3908331875339667
0.4128671653642939
0.38671649919763024
0.4597292436988239
0.6942449208537629
0.3237672387662879
0.40527800197030267
0.3213659385181897
0.41757522624602694
0.2588789541162607
0.4488772562109851
0.4574095260211856
0.369583158043767
0.3401633911395977
0.3587032121550686
0.38355015170152
0.31372301502917693
0.3667582834192679
0.45569246082585485
0.5489471990165944
0.24886532720890583
0.2875043754160745
0.484873034839271
0.32647807597269707
0.41419255247953635
0.37874398677757404
0.3519016200830037
0.2560166290842405
0.4318681973544597
0.3513199559859953
0.45256283119865337
0.31896423509537136
0.380339319713516
0.4782762283297208
0.336645321169206
0.5604942632521535
0.5145334116573322
0.3614972179660234
0.3207605157764856
0.3927375170519868
0.26915771982866393
0.5079540936992188
0.3523826999076009
0.3595594166028393
0.49283447021602794
0.41256903539083556
0.28224488707844414
0.25176186420692076
0.31318295620871534
0.5822010068332468
0.4867661298762402
0.3378153453778457
0.3352256587168233
0.2981794426982376
0.3729297909701536
0.27018134464683513
0.36085317057591415
0.24666745130180065
0.4863938142133055
0.5275478121822511
0.4231241193493189
0.4402422444301411
0.5369757141177943
0.6220218032477911
0.2878869883384132
0.3727003628631251
0.43949749627108015
0.41042466465509764
0.6078240201439918
0.8291712306904502
0.29627651310548675
0.5726259327680225
0.48994934103320126
0.4666995468909197
0.5706576306668122
0.6133973655201835
0.4740643090872782
0.6614254557771387
0.5973189219708168
0.4949260532217937
0.49177906204071
0.32973637693861035
0.5564787042771319
0.35102119979052343
0.44025869424692377
0.5803958863465716
0.30751335773919497
0.3759278591986246
0.35138277021612374
0.5968488971248529
0.9198261441525495
0.26270361883490245
0.29916904800222616
0.32442505266388927
0.4710589980735806
0.19289983008184378
0.4181234341113568
0.30458694012688625
0.3214439660007706
0.3724626307373993
0.41580573353894296
0.4182982476854059
0.5043146757612024
0.694638984739523
0.5889900423279848
0.49460672110009624
0.39994413448364036
0.41193108906714193
0.40602671611026553
0.28019027797396207
0.5205331809932958
0.398365811621943
0.31481261608718375
0.4640449556237057
0.33164101413884667
0.2674318793681809
0.2631174203659279
0.40506067237943755
0.4104783211468514
0.4149027224380255
0.24952015518236154
0.2840414343010794
0.3836513372663512
0.24236458948249479
0.4122820186377345
0.3715292918423849
0.5006834301435387
0.517167376607658
0.2547336067802685
0.35823981845745384
0.34412647440800076
0.3562537376649337
0.3169734532270908
0.22939723304996668
0.7900059387180053
0.28343168404016256
0.4106569722603257
0.6161279572048682
0.30348095170851985
0.46424568122711424
0.4074809250267858
0.6475310616518409
0.41171909573647997
0.2532742521987688
0.4083026333863089
0.592598456477083
0.33878964346471596
0.3785880829127253
0.41657506939034983
0.23809050203185844
0.309331931974279
0.43613544789179826
0.21985702160801818
0.8035166534831997
0.4192764195655046
0.5502061720584136
0.3579758811966176
0.24879623349878538
0.25421550182900166
0.5962890037961238
0.4457275681552922
0.616314707492488
0.8584836637722215
0.28212972919530827
0.3325382123952317
0.5914795922478067
0.3411275508489506
0.4305999693381206
0.48553649314385117
0.3957011213509013
0.5961394101846826
0.9252236207055674
0.29327556777333585
0.39468440457528287
0.29591604176298614
0.6007518409315795
0.2525451073459319
0.38129753670189703
0.2636936667296083
0.4226472341025517
0.27649768625217197
0.5957494495110489
0.4363465509920738
0.42642414644250165
0.29011874501934826
0.21411466603092433
0.3236310983517074
0.496127428682045
0.46690287568973554
0.35695210203949224
0.232920886150768
0.2373924136306336
0.265211155769689
0.5532190871921228
0.3157494354576477
0.3085869194770826
0.30728003289317424
0.27889006152770346
0.24629039564641889
0.561701033201081
0.409359567588418
0.31962999577913925
0.30453560628778054
0.3841917129365995
0.39389861446195257
0.30568712049218383
0.24193846590970064
0.5867343511381005
0.40602967288546304
0.4349365872120509
0.6063542318306445
0.36862073305268134
0.24226821227610193
0.29627988869785155
0.3091842768782173
0.48635085212546714
0.40311085279160713
0.299298580424699
0.4823119225212218
0.4222450109813529
0.36635193942624633
0.4115837200695388
0.39492926403934514
0.30918960759463265
0.2602807696730361
0.3489077067340902
0.4047264339493709
0.2102548906914498
0.28308898237890695
0.5329994797322054
0.3049756948007122
0.29291236901949136
0.3308543575172603
0.272439388529559
0.3746130376429399
0.3527335497695098
0.24299691896164782
0.3806413767654087
0.3570599423363035
0.5935572505028232
0.3485533795152086
0.5341478673985923
0.4026701438242031
0.48390489050677743
0.3244058434200924
0.40996651694088315
0.6996560995199859
0.3465500142582394
0.5881676832665286
0.21064327523864562
0.32579238631666085
0.48992605235761283
0.45830995451350504
0.2233075915071202
0.29462755343755426
0.29259604033550835
0.3522334883601224
0.34972453435679
0.5445980646566496
0.4708209345229263
0.22282038825502729
0.3212734652471392
0.2725380943516243
0.373349563653844
0.6608649080410681
0.4050213174626661
0.26651709068369084
0.644226364184739
0.533786570578697
0.3771675819883059
0.43725524988869807
0.5048258816845389
0.32296919419792774
0.2933190178158808
0.22576101044258395
0.3640200244184398
0.40337503585729967
0.2552883849907433
0.2874902448396303
0.3513242282054386
0.6815908781432466
0.360444010851923
0.22682502976799584
0.23137751157703323
0.30417704941521045
0.3452001285343927
0.21864879916743463
0.24525235002511894
0.6521551705152548
0.2691459880833238
0.373023496688908
0.5294556905249044
0.533294914521165
0.2603291589875281
0.3444432616359624
0.6285408352500355
0.3676837518637392
0.5845775587883234
0.5112425512554531
0.2925437600586488
0.25890219775619705
0.6066047343124399
0.37987066762608906
0.3382612887920188
0.42654443703629813
0.5574725562961591
0.5342805518713215
0.3588744426703118
0.35946454238104997
0.6605063169673384
0.3085566070924989
0.36889230484426266
0.2706846894780887
0.27163287787772533
0.4650127101157552
0.34690747900296826
0.4209406272666147
0.4876062313052335
0.5089023213306293
0.4985322826383354
0.49200605654544494
0.5384790014548281
0.46247123655339145
0.32284889512416576
0.3973387593878858
0.44442462626881724
0.48048108435734704
0.43341322802248783
0.3951013140323966
0.4208767377092907
0.37185552266530847
0.3710285345928551
0.29638817986107124
0.27262376271065614
0.3727553964750159
0.4646395569384522
0.46405487442655424
0.3222607950628707
0.5672116814561392
0.23898225034821322
0.325353255592716
0.33865127981468246
0.4186380267457881
0.4017691227694109
0.35613211171115394
0.440542528950304
0.5086420226829905
0.4349399850377366
0.30237342917483345
0.40595670374169496
0.26661294253760703
0.27414325122572425
0.3254499900762295
0.367733657176469
0.2575151685229805
0.24236458948249479
0.3216009869174425
0.6167885150637235
0.3628317613791286
0.3797456890499518
0.27127583370719816
0.2936229326707379
0.24756378655484043
0.5551150138307309
0.2711401740010211
0.3443398187671575
0.2673606014863393
0.3395728027696106
0.19621707573074335
0.41404023824807085
0.31268615753736534
0.2766898679009924
0.27894116562738663
0.2888981774757002
0.3609197464928988
0.2690454847586902
0.50467817609675
0.6048554138848702
0.35531537940741453
0.4311060223937623
0.3241480403339671
0.3426031870774103
0.3741042720795408
0.46049538233495524
0.9600629268239057
0.3499978841332169
0.2564215331979486
0.3291342744440904
0.40643465031904774
0.25997112130968375
0.3678912594325355
0.5165887130439516
0.8724468871929766
0.46416452645906664
0.2897964523527328
0.2291168634808121
0.3056549880468624
0.529066373657481
0.35747037109074326
0.5195992663024522
0.3263293321808324
0.25809178338658717
0.3781359865575139
0.5021126127323787
0.44543743649584827
